Model: VBLR

---MNIST: Validation: 0.92
---MNIST: Test: 0.92
---USPS: 0.39



 === EBLR on Validation set(MNIST) ===
             precision    recall  f1-score   support

          0       0.96      0.98      0.97       991
          1       0.94      0.98      0.96      1064
          2       0.92      0.91      0.92       990
          3       0.90      0.90      0.90      1030
          4       0.93      0.95      0.94       983
          5       0.90      0.85      0.87       915
          6       0.95      0.97      0.96       967
          7       0.94      0.94      0.94      1090
          8       0.90      0.87      0.89      1009
          9       0.90      0.89      0.89       961

avg / total       0.92      0.92      0.92     10000





=== EBLR on Test set(MNIST) ===
             precision    recall  f1-score   support

          0       0.96      0.98      0.97       991
          1       0.94      0.98      0.96      1064
          2       0.92      0.91      0.92       990
          3       0.90      0.90      0.90      1030
          4       0.93      0.95      0.94       983
          5       0.90      0.85      0.87       915
          6       0.95      0.97      0.96       967
          7       0.94      0.94      0.94      1090
          8       0.90      0.87      0.89      1009
          9       0.90      0.89      0.89       961

avg / total       0.92      0.92      0.92     10000